904
809
167
549
49
518
85
89
469
354
61
45
259
614
19
174
743
7
623
6
291
508
208
763
938
720
80
24
37
241
704
52
382
862
607
60
380
985
163
140
946
15
90
738
514
716
894
53
287
187
0
10
561
796
947
943
369
28
137
30
70
286
14
618
497
31
639
148
641
154
547
834
74
83
1
359
65
86
125
453
503
492
71
94
35
843
57
82
93
470
978
308
820
263
108
96
16
958
17
106
301
54
64
4
530
459
394
967
39
908
76
34
197
421
903
439
418
81
295
930
847
490
813
25
32
38
258
437
58
175
596
968
56
2
27
873
957
214
675
643
632
43
519
529
3
9
974
321
307
73
194
87
605
358
20
91
415
97
